X189328     
0.00,325.000
0.02,325.000
0.04,325.000
0.06,325.000
0.08,325.000
0.10,325.000
0.12,325.000
0.14,325.000
0.16,325.000
0.18,325.000
0.20,325.000
0.22,325.000
0.24,325.000
0.26,325.000
0.28,325.000
0.30,325.000
0.32,325.000
0.34,325.000
0.36,325.000
0.38,325.000
0.40,325.000
0.42,325.000
0.44,325.000
0.46,325.000
0.48,325.000
0.50,325.000
0.52,325.000
0.54,325.000
0.56,325.000
0.58,325.000
0.60,325.000
0.62,325.000
0.64,325.000
0.66,325.000
0.68,325.000
0.70,325.000
0.72,325.000
0.74,325.000
0.76,325.000
0.78,325.000
0.80,325.000
0.82,325.000
0.84,325.000
0.86,325.000
0.88,325.000
0.90,325.000
0.92,325.000
0.94,325.000
0.96,325.000
0.98,325.000
1.00,325.000
1.02,325.000
1.04,325.000
1.06,325.000
1.08,325.000
1.10,325.000
1.12,325.000
1.14,325.000
1.16,325.000
1.18,325.000
1.20,325.000
1.22,325.000
1.24,325.000
1.26,325.000
1.28,325.000
1.30,325.000
1.32,325.000
1.34,325.000
1.36,325.000
1.38,325.000
1.40,325.000
1.42,325.000
1.44,325.000
1.46,325.000
1.48,325.000
1.50,325.000
1.52,325.000
1.54,325.000
1.56,325.000
1.58,325.000
1.60,325.000
1.62,325.000
1.64,325.000
1.66,325.000
1.68,325.000
1.70,325.000
1.72,325.000
1.74,325.000
1.76,325.000
1.78,325.000
1.80,319.031
1.82,302.048
1.84,286.118
1.86,271.143
1.88,257.037
1.90,243.725
1.92,231.142
1.94,219.230
1.96,207.940
1.98,197.226
2.00,187.050
2.02,177.376
2.04,168.174
2.06,159.416
2.08,151.077
2.10,143.133
2.12,135.566
2.14,128.357
2.16,121.489
2.18,114.948
2.20,108.720
2.22,102.792
2.24, 97.155
2.26, 91.797
2.28, 86.707
2.30, 81.876
2.32, 77.290
2.34, 72.942
2.36, 68.823
2.38, 64.923
2.40, 61.231
2.42, 57.738
2.44, 54.434
2.46, 51.310
2.48, 48.356
2.50, 45.565
2.52, 42.926
2.54, 40.434
2.56, 38.078
2.58, 35.853
2.60, 33.751
2.62, 31.766
2.64, 29.892
2.66, 28.122
2.68, 26.453
2.70, 24.878
2.72, 23.394
2.74, 21.996
2.76, 20.680
2.78, 19.442
2.80, 18.280
2.82, 17.189
2.84, 16.166
2.86, 15.208
2.88, 14.311
2.90, 13.472
2.92, 12.687
2.94, 11.955
2.96, 11.271
2.98, 10.632
3.00, 10.036
3.04,  8.960
3.08,  8.023
3.12,  7.207
3.16,  6.495
3.20,  5.873
3.24,  5.329
3.28,  4.851
3.32,  4.430
3.36,  4.059
3.40,  3.730
3.44,  3.438
3.48,  3.179
3.52,  2.947
3.56,  2.739
3.60,  2.553
3.64,  2.385
3.68,  2.234
3.72,  2.097
3.76,  1.973
3.80,  1.860
3.84,  1.756
3.88,  1.662
3.92,  1.575
3.96,  1.496
4.00,  1.423
4.10,  1.265
4.20,  0.000
4.30,  0.000
4.40,  0.000
4.50,  0.000
4.60,  0.000
4.70,  0.000
4.80,  0.000
4.90,  0.000
5.00,  0.000
5.10,  0.000
5.20,  0.000
5.30,  0.000
5.40,  0.000
5.50,  0.000
5.60,  0.000
