Sensor Model:   CX-1050-SD-HT-1.4L
Serial Number:  X105783
Interpolation Method:   Lagrangian
SetPoint Limit: 325.0      (Kelvin)
Data Format:    4      (Log Ohms/Kelvin)
Number of Breakpoints:   52

No.   Units      Temperature (K)

  1  1.76913       325.0
  2  1.77033       324.0
  3  1.78888       309.0
  4  1.80856       294.0
  5  1.82948       279.0
  6  1.85176       264.0
  7  1.87554       249.0
  8  1.90097       234.0
  9  1.92822       219.0
 10  1.95752       204.0
 11  1.98909       189.0
 12  2.02325       174.0
 13  2.06035       159.0
 14  2.10089       144.0
 15  2.14551       129.0
 16  2.19510       114.0
 17  2.25094        99.0
 18  2.31495        84.0
 19  2.39032        69.0
 20  2.44626        59.5
 21  2.51112        50.0
 22  2.54995        45.0
 23  2.59296        40.0
 24  2.64116        35.0
 25  2.69608        30.0
 26  2.75873        25.1
 27  2.81741        21.2
 28  2.87792        17.8
 29  2.93523        15.1
 30  2.99373        12.8
 31  3.05211        10.9
 32  3.11184         9.3
 33  3.17097         8.0
 34  3.22586         7.0
 35  3.28528         6.1
 36  3.34068         5.4
 37  3.39701         4.8
 38  3.45237         4.3
 39  3.50398         3.9
 40  3.56417         3.5
 41  3.61665         3.2
 42  3.67730         2.9
 43  3.72346         2.7
 44  3.77530         2.5
 45  3.83411         2.3
 46  3.86663         2.2
 47  3.93925         2.0
 48  3.98006         1.9
 49  4.02452         1.8
 50  4.07323         1.7
 51  4.18720         1.5
 52  4.25428         1.4
