X105783     
0.00,325.000
0.02,325.000
0.04,325.000
0.06,325.000
0.08,325.000
0.10,325.000
0.12,325.000
0.14,325.000
0.16,325.000
0.18,325.000
0.20,325.000
0.22,325.000
0.24,325.000
0.26,325.000
0.28,325.000
0.30,325.000
0.32,325.000
0.34,325.000
0.36,325.000
0.38,325.000
0.40,325.000
0.42,325.000
0.44,325.000
0.46,325.000
0.48,325.000
0.50,325.000
0.52,325.000
0.54,325.000
0.56,325.000
0.58,325.000
0.60,325.000
0.62,325.000
0.64,325.000
0.66,325.000
0.68,325.000
0.70,325.000
0.72,325.000
0.74,325.000
0.76,325.000
0.78,325.000
0.80,325.000
0.82,325.000
0.84,325.000
0.86,325.000
0.88,325.000
0.90,325.000
0.92,325.000
0.94,325.000
0.96,325.000
0.98,325.000
1.00,325.000
1.02,325.000
1.04,325.000
1.06,325.000
1.08,325.000
1.10,325.000
1.12,325.000
1.14,325.000
1.16,325.000
1.18,325.000
1.20,325.000
1.22,325.000
1.24,325.000
1.26,325.000
1.28,325.000
1.30,325.000
1.32,325.000
1.34,325.000
1.36,325.000
1.38,325.000
1.40,325.000
1.42,325.000
1.44,325.000
1.46,325.000
1.48,325.000
1.50,325.000
1.52,325.000
1.54,325.000
1.56,325.000
1.58,325.000
1.60,325.000
1.62,325.000
1.64,325.000
1.66,325.000
1.68,325.000
1.70,325.000
1.72,325.000
1.74,325.000
1.76,325.000
1.78,316.071
1.80,300.413
1.82,285.681
1.84,271.796
1.86,258.688
1.88,246.292
1.90,234.551
1.92,223.415
1.94,212.837
1.96,202.779
1.98,193.203
2.00,184.077
2.02,175.374
2.04,167.068
2.06,159.136
2.08,151.557
2.10,144.315
2.12,137.391
2.14,130.772
2.16,124.443
2.18,118.392
2.20,112.607
2.22,107.076
2.24,101.791
2.26, 96.741
2.28, 91.916
2.30, 87.308
2.32, 82.909
2.34, 78.713
2.36, 74.712
2.38, 70.897
2.40, 67.262
2.42, 63.798
2.44, 60.499
2.46, 57.358
2.48, 54.368
2.50, 51.522
2.52, 48.813
2.54, 46.236
2.56, 43.783
2.58, 41.450
2.60, 39.231
2.62, 37.120
2.64, 35.113
2.66, 33.205
2.68, 31.392
2.70, 29.669
2.72, 28.034
2.74, 26.481
2.76, 25.009
2.78, 23.613
2.80, 22.292
2.82, 21.042
2.84, 19.860
2.86, 18.745
2.88, 17.693
2.90, 16.703
2.92, 15.771
2.94, 14.896
2.96, 14.074
2.98, 13.302
3.00, 12.578
3.04, 11.265
3.08, 10.113
3.12,  9.105
3.16,  8.222
3.20,  7.449
3.24,  6.770
3.28,  6.173
3.32,  5.647
3.36,  5.183
3.40,  4.771
3.44,  4.405
3.48,  4.079
3.52,  3.787
3.56,  3.526
3.60,  3.291
3.64,  3.079
3.68,  2.888
3.72,  2.714
3.76,  2.557
3.80,  2.413
3.84,  2.281
3.88,  2.161
3.92,  2.050
3.96,  1.948
4.00,  1.854
4.10,  1.649
4.20,  1.480
4.30,  1.338
4.40,  1.216
4.50,  0.000
4.60,  0.000
4.70,  0.000
4.80,  0.000
4.90,  0.000
5.00,  0.000
5.10,  0.000
5.20,  0.000
5.30,  0.000
5.40,  0.000
5.50,  0.000
5.60,  0.000
