Sensor Model:   CX-1050-SD-HT-1.4L
Serial Number:  X105783
Data Format:    4      (Log Ohms/Kelvin)
SetPoint Limit: 325.0      (Kelvin)
Temperature coefficient:  1 (Negative)
Number of Breakpoints:   148

No.   Units      Temperature (K)

  1  1.76306       330.128
  2  1.76911       325.000
  3  1.77638       319.000
  4  1.78319       313.500
  5  1.79014       308.000
  6  1.79725       302.500
  7  1.80452       297.000
  8  1.81194       291.500
  9  1.81954       286.000
 10  1.82731       280.500
 11  1.83527       275.000
 12  1.84341       269.500
 13  1.85174       264.000
 14  1.86028       258.500
 15  1.86822       253.500
 16  1.87634       248.500
 17  1.88465       243.500
 18  1.89314       238.500
 19  1.90183       233.500
 20  1.91072       228.500
 21  1.91983       223.500
 22  1.92915       218.500
 23  1.93870       213.500
 24  1.94848       208.500
 25  1.95851       203.500
 26  1.96880       198.500
 27  1.97934       193.500
 28  1.99017       188.500
 29  2.00128       183.500
 30  2.01154       179.000
 31  2.02204       174.500
 32  2.03281       170.000
 33  2.04386       165.500
 34  2.05519       161.000
 35  2.06683       156.500
 36  2.07878       152.000
 37  2.09107       147.500
 38  2.10370       143.000
 39  2.11671       138.500
 40  2.12860       134.500
 41  2.14081       130.500
 42  2.15337       126.500
 43  2.16630       122.500
 44  2.17960       118.500
 45  2.19332       114.500
 46  2.20748       110.500
 47  2.22210       106.500
 48  2.23532       103.000
 49  2.24502       100.500
 50  2.25491        98.000
 51  2.26504        95.500
 52  2.27541        93.000
 53  2.28603        90.500
 54  2.29692        88.000
 55  2.30809        85.500
 56  2.31956        83.000
 57  2.33134        80.500
 58  2.34347        78.000
 59  2.35596        75.500
 60  2.36624        73.500
 61  2.37676        71.500
 62  2.38756        69.500
 63  2.39864        67.500
 64  2.41003        65.500
 65  2.42175        63.500
 66  2.43381        61.500
 67  2.44686        59.400
 68  2.45970        57.400
 69  2.47295        55.400
 70  2.48528        53.600
 71  2.49797        51.800
 72  2.51108        50.000
 73  2.52464        48.200
 74  2.53866        46.400
 75  2.55319        44.600
 76  2.56657        43.000
 77  2.58040        41.400
 78  2.59565        39.700
 79  2.61055        38.100
 80  2.62603        36.500
 81  2.64112        35.000
 82  2.65679        33.500
 83  2.67313        32.000
 84  2.68902        30.600
 85  2.70558        29.200
 86  2.72288        27.800
 87  2.73970        26.500
 88  2.75728        25.200
 89  2.77573        23.900
 90  2.79364        22.700
 91  2.81246        21.500
 92  2.83066        20.400
 93  2.84453        19.600
 94  2.85621        18.950
 95  2.86829        18.300
 96  2.88082        17.650
 97  2.89383        17.000
 98  2.90634        16.400
 99  2.91933        15.800
100  2.93287        15.200
101  2.94582        14.650
102  2.95930        14.100
103  2.97338        13.550
104  2.98677        13.050
105  3.00075        12.550
106  3.01541        12.050
107  3.03079        11.550
108  3.04700        11.050
109  3.06239        10.600
110  3.07857        10.150
111  3.09569         9.700
112  3.11179         9.300
113  3.12876         8.900
114  3.14676         8.500
115  3.16589         8.100
116  3.18631         7.700
117  3.20543         7.350
118  3.22576         7.000
119  3.24753         6.650
120  3.27094         6.300
121  3.29699         5.940
122  3.32206         5.620
123  3.34751         5.320
124  3.37504         5.020
125  3.40302         4.740
126  3.43344         4.460
127  3.46438         4.200
128  3.49157         3.990
129  3.51654         3.810
130  3.54184         3.640
131  3.56894         3.470
132  3.59641         3.310
133  3.62594         3.150
134  3.65587         3.000
135  3.68815         2.850
136  3.72322         2.700
137  3.75886         2.560
138  3.79763         2.420
139  3.83701         2.290
140  3.87997         2.160
141  3.92726         2.030
142  3.97547         1.910
143  4.02872         1.790
144  4.08312         1.680
145  4.13817         1.580
146  4.19949         1.480
147  4.25400         1.400
148  4.41477         1.200
