X117656     
0.00,325.000
0.02,325.000
0.04,325.000
0.06,325.000
0.08,325.000
0.10,325.000
0.12,325.000
0.14,325.000
0.16,325.000
0.18,325.000
0.20,325.000
0.22,325.000
0.24,325.000
0.26,325.000
0.28,325.000
0.30,325.000
0.32,325.000
0.34,325.000
0.36,325.000
0.38,325.000
0.40,325.000
0.42,325.000
0.44,325.000
0.46,325.000
0.48,325.000
0.50,325.000
0.52,325.000
0.54,325.000
0.56,325.000
0.58,325.000
0.60,325.000
0.62,325.000
0.64,325.000
0.66,325.000
0.68,325.000
0.70,325.000
0.72,325.000
0.74,325.000
0.76,325.000
0.78,325.000
0.80,325.000
0.82,325.000
0.84,325.000
0.86,325.000
0.88,325.000
0.90,325.000
0.92,325.000
0.94,325.000
0.96,325.000
0.98,325.000
1.00,325.000
1.02,325.000
1.04,325.000
1.06,325.000
1.08,325.000
1.10,325.000
1.12,325.000
1.14,325.000
1.16,325.000
1.18,325.000
1.20,325.000
1.22,325.000
1.24,325.000
1.26,325.000
1.28,325.000
1.30,325.000
1.32,325.000
1.34,325.000
1.36,325.000
1.38,325.000
1.40,325.000
1.42,325.000
1.44,325.000
1.46,325.000
1.48,325.000
1.50,325.000
1.52,325.000
1.54,325.000
1.56,325.000
1.58,325.000
1.60,325.000
1.62,325.000
1.64,325.000
1.66,324.813
1.68,306.820
1.70,290.077
1.72,274.444
1.74,259.807
1.76,246.066
1.78,233.138
1.80,220.952
1.82,209.444
1.84,198.560
1.86,188.252
1.88,178.477
1.90,169.197
1.92,160.380
1.94,151.995
1.96,144.016
1.98,136.422
2.00,129.190
2.02,122.304
2.04,115.747
2.06,109.505
2.08,103.564
2.10, 97.911
2.12, 92.534
2.14, 87.420
2.16, 82.559
2.18, 77.942
2.20, 73.560
2.22, 69.400
2.24, 65.456
2.26, 61.716
2.28, 58.172
2.30, 54.813
2.32, 51.632
2.34, 48.619
2.36, 45.766
2.38, 43.065
2.40, 40.508
2.42, 38.087
2.44, 35.796
2.46, 33.629
2.48, 31.580
2.50, 29.642
2.52, 27.811
2.54, 26.082
2.56, 24.451
2.58, 22.913
2.60, 21.466
2.62, 20.104
2.64, 18.826
2.66, 17.627
2.68, 16.505
2.70, 15.457
2.72, 14.478
2.74, 13.565
2.76, 12.714
2.78, 11.923
2.80, 11.188
2.82, 10.504
2.84,  9.870
2.86,  9.281
2.88,  8.735
2.90,  8.228
2.92,  7.758
2.94,  7.321
2.96,  6.916
2.98,  6.539
3.00,  6.189
3.04,  5.560
3.08,  5.015
3.12,  4.541
3.16,  4.127
3.20,  3.764
3.24,  3.446
3.28,  3.166
3.32,  2.917
3.36,  2.697
3.40,  2.501
3.44,  2.325
3.48,  2.168
3.52,  2.026
3.56,  1.898
3.60,  1.783
3.64,  1.678
3.68,  1.583
3.72,  1.496
3.76,  1.416
3.80,  1.343
3.84,  1.276
3.88,  1.214
3.92,  0.000
3.96,  0.000
4.00,  0.000
4.10,  0.000
4.20,  0.000
4.30,  0.000
4.40,  0.000
4.50,  0.000
4.60,  0.000
4.70,  0.000
4.80,  0.000
4.90,  0.000
5.00,  0.000
5.10,  0.000
5.20,  0.000
5.30,  0.000
5.40,  0.000
5.50,  0.000
5.60,  0.000
