X204446
0.00, 84.537
0.02, 83.538
0.04, 82.547
0.06, 81.564
0.08, 80.589
0.10, 79.622
0.12, 78.663
0.14, 77.712
0.16, 76.768
0.18, 75.833
0.20, 74.905
0.22, 73.986
0.24, 73.074
0.26, 72.169
0.28, 71.273
0.30, 70.384
0.32, 69.503
0.34, 68.629
0.36, 67.763
0.38, 66.905
0.40, 66.053
0.42, 65.210
0.44, 64.374
0.46, 63.545
0.48, 62.724
0.50, 61.910
0.52, 61.103
0.54, 60.303
0.56, 59.511
0.58, 58.726
0.60, 57.948
0.62, 57.177
0.64, 56.414
0.66, 55.657
0.68, 54.907
0.70, 54.165
0.72, 53.429
0.74, 52.700
0.76, 51.979
0.78, 51.264
0.80, 50.556
0.82, 49.854
0.84, 49.160
0.86, 48.472
0.88, 47.791
0.90, 47.116
0.92, 46.449
0.94, 45.787
0.96, 45.133
0.98, 44.484
1.00, 43.843
1.02, 43.208
1.04, 42.579
1.06, 41.956
1.08, 41.340
1.10, 40.731
1.12, 40.127
1.14, 39.530
1.16, 38.939
1.18, 38.355
1.20, 37.776
1.22, 37.204
1.24, 36.637
1.26, 36.077
1.28, 35.523
1.30, 34.975
1.32, 34.432
1.34, 33.896
1.36, 33.365
1.38, 32.841
1.40, 32.322
1.42, 31.809
1.44, 31.302
1.46, 30.800
1.48, 30.304
1.50, 29.814
1.52, 29.330
1.54, 28.851
1.56, 28.377
1.58, 27.909
1.60, 27.447
1.62, 26.990
1.64, 26.539
1.66, 26.092
1.68, 25.652
1.70, 25.216
1.72, 24.786
1.74, 24.361
1.76, 23.941
1.78, 23.527
1.80, 23.118
1.82, 22.713
1.84, 22.314
1.86, 21.920
1.88, 21.531
1.90, 21.147
1.92, 20.768
1.94, 20.394
1.96, 20.025
1.98, 19.660
2.00, 19.301
2.02, 18.946
2.04, 18.596
2.06, 18.250
2.08, 17.910
2.10, 17.574
2.12, 17.242
2.14, 16.915
2.16, 16.593
2.18, 16.275
2.20, 15.962
2.22, 15.653
2.24, 15.349
2.26, 15.049
2.28, 14.753
2.30, 14.462
2.32, 14.175
2.34, 13.892
2.36, 13.613
2.38, 13.339
2.40, 13.069
2.42, 12.803
2.44, 12.541
2.46, 12.283
2.48, 12.029
2.50, 11.779
2.52, 11.533
2.54, 11.291
2.56, 11.052
2.58, 10.818
2.60, 10.587
2.62, 10.361
2.64, 10.138
2.66,  9.918
2.68,  9.703
2.70,  9.491
2.72,  9.282
2.74,  9.077
2.76,  8.876
2.78,  8.678
2.80,  8.484
2.82,  8.293
2.84,  8.106
2.86,  7.922
2.88,  7.741
2.90,  7.564
2.92,  7.390
2.94,  7.219
2.96,  7.051
2.98,  6.887
3.00,  6.726
3.04,  6.413
3.08,  6.111
3.12,  5.822
3.16,  5.545
3.20,  5.279
3.24,  5.024
3.28,  4.780
3.32,  4.546
3.36,  4.323
3.40,  4.109
3.44,  3.906
3.48,  3.712
3.52,  3.527
3.56,  3.352
3.60,  3.185
3.64,  3.026
3.68,  2.876
3.72,  2.733
3.76,  2.598
3.80,  2.471
3.84,  2.350
3.88,  2.236
3.92,  2.129
3.96,  2.029
4.00,  1.934
4.10,  1.722
4.20,  1.541
4.30,  1.388
4.40,  1.259
4.50,  0.000
4.60,  0.000
4.70,  0.000
4.80,  0.000
4.90,  0.000
5.00,  0.000
5.10,  0.000
5.20,  0.000
5.30,  0.000
5.40,  0.000
5.50,  0.000
5.60,  0.000
